0.000000
0.001123
0.004501
0.010117
0.018033
0.028163
0.040723
0.055400
0.072510
0.091818
0.113708
0.137586
0.164162
0.192760
0.223786
0.257028
0.292439
0.330474
0.370876
0.413226
0.458571
0.505571
0.554577
0.607068
0.661337
0.716486
0.775739
0.838266
0.898271
0.967032
1.032214
1.103858
1.173799
1.250214
1.324394
1.404868
1.485510
1.570773
1.653404
1.744229
1.833853
1.926661
2.021758
2.118055
2.217677
2.318394
2.418801
2.528962
2.634962
2.743019
2.854595
2.972922
3.085815
3.210533
3.337904
3.450145
3.585891
3.709286
3.842470
3.961688
4.111847
4.236819
4.388068
4.521312
4.673095
4.812694
4.972035
5.118431
5.277658
5.433879
5.592371
5.753136
5.919219
6.084611
6.252274
6.425515
6.601205
6.772374
6.959941
7.139325
7.324745
7.512627
7.695071
7.899841
8.082786
8.280350
8.467350
8.682909
8.860604
9.081430
9.272048
9.498365
9.692999
9.929911
10.118275
10.360831
10.579706
10.806383
11.012995
11.267250
11.477949
11.720178
11.959044
12.187963
12.418914
12.651893
12.893495
13.137367
13.390357
13.624941
13.918119
14.135540
14.412846
14.648230
14.938491
15.162219
15.473749
15.716862
15.994110
16.232343
16.547784
16.806749
17.102348
17.365272
17.674993
17.960346
18.247961
18.518914
18.839594
19.124384
19.411134
19.699840
20.010936
20.272723
20.588175
20.852751
21.172546
21.472894
21.797501
22.124677
22.385476
22.740125
23.003438
23.375214
23.629019
24.018597
24.262186
24.644925
24.902905
25.291135
25.577510
25.971588
26.247473
26.606092
26.967289
27.302920
27.654663
27.994187
28.335562
28.708394
29.053829
29.446640
29.811681
30.147824
30.548404
30.936022
31.293974
31.719048
32.213581
32.529196
33.031497
33.401896
33.929916
34.323271
34.895989
35.295826
35.879105
36.377095
36.990587
37.517195
38.162259
38.776308
39.454963
40.063095
40.716958
41.397856
42.126697
42.863938
43.609626
44.405561
45.147624
45.983105
46.828552
47.640495
48.505594
49.469681
50.266247
51.229918
52.067881
53.030460
53.864227
54.848150
55.629114
56.585786
57.407321
58.383886
59.222571
60.119194
60.948990
61.964724
62.734077
63.639431
64.396056
65.184829
65.953083
66.754017
67.479560
68.209859
68.834085
69.516999
70.119036
70.694854
71.272408
71.793721
72.374206
72.808893
73.451009
73.735586
74.258876
74.507838
74.968322
75.210759
75.731056
75.904131
76.358742
76.587690
76.877071
77.097691
77.346780
77.558630
77.765891
77.934723
78.064248
78.256642
78.409633
78.557250
78.769837
78.907128
79.110431
79.201165
79.358390
79.547159
79.731379
80.059821
80.123508
80.445276
80.536207
80.889826
81.009601
81.357747
81.507692
82.048342
82.071863
82.650860
82.907782
83.365306
83.617266
84.196941
84.444758
84.983155
85.395615
85.934979
86.389444
86.930042
87.558634
88.145534
88.822300
89.412887
90.139399
90.779099
91.466392
92.156478
93.171913
93.684241
94.570586
95.180035
96.075237
96.689655
97.545720
98.213142
99.320904
99.848567
100.869899
101.550277
102.632950
103.269989
104.212651
104.956756
105.857799
106.556921
107.414343
108.118838
108.983685
109.746627
110.405607
111.227346
111.836221
112.554784
113.220714
113.888110
114.334958
115.338992
115.730430
116.459145
116.848514
117.636662
117.909002
118.757624
119.084695
119.761092
120.143548
120.820925
121.021339
121.818878
122.195583
122.752654
123.125838
123.866433
124.175141
124.667830
125.159609
125.650466
126.076904
126.693213
127.181593
127.668994
128.155404
128.771539
129.388174
129.806919
130.689416
130.973425
131.792266
131.937271
132.825829
133.307321
134.269438
134.543769
135.510616
135.851863
136.753438
137.516997
138.424859
139.193133
140.179251
140.880280
141.727986
142.432139
143.284558
144.139735
144.848954
145.933124
147.022476
147.814742
148.608962
149.405135
150.433631
151.234930
152.426230
153.467546
154.121119
155.326915
155.983979
157.119385
157.619337
158.922984
159.424330
160.656376
161.240444
162.481418
162.985081
164.317609
164.906071
165.997200
166.755599
167.684546
168.531122
169.379630
170.230070
170.909540
171.849852
172.531013
173.212361
174.158432
174.930055
175.791770
177.102852
177.431000
178.569106
178.985283
180.037705
180.543634
181.692868
182.013433
183.260805
183.672382
184.644888
185.148333
186.029328
186.626396
187.509779
188.106519
188.992271
189.782804
190.671814
191.268718
192.061618
192.855448
193.451486
194.346061
195.142191
195.737751
196.635974
197.332689
198.029371
199.444173
199.731781
200.843823
201.335573
202.556632
202.837904
204.063976
204.553537
205.998256
206.274451
207.512420
208.108393
209.136287
210.058192
210.872672
211.578288
212.724411
213.431653
214.472114
215.292090
216.224956
216.821854
217.982907
218.579921
219.745941
220.457569
221.399015
222.457708
223.519125
225.049208
225.416179
226.954670
227.084252
228.867092
229.350078
230.786456
231.268924
232.833195
233.194671
234.524483
235.005346
236.586015
237.435672
238.656428
239.509008
240.611238
241.841173
242.949356
243.556265
244.794365
245.401111
246.771671
247.634827
248.370096
249.492209
250.746625
251.614487
252.744235
254.138970
254.616924
255.885438
256.759630
258.167308
258.509907
260.057270
260.936579
262.357728
262.832873
264.259972
265.007469
266.578982
267.466675
268.770372
269.382839
270.970491
271.583597
272.616941
273.651926
274.546884
275.869008
276.623963
277.951497
278.995186
280.184853
281.377223
282.426867
283.478131
285.410101
285.585513
287.084430
288.143788
289.799522
290.267335
291.780873
292.397306
293.917339
294.533682
296.212191
296.523909
298.362550
299.440118
300.827658
301.600019
303.148251
303.922114
305.320989
306.409727
307.342512
308.750021
309.844042
310.621209
311.877015
313.135509
314.074892
316.144949
316.603060
318.196360
318.815648
320.579179
320.541546
322.640740
323.259398
324.706200
325.490517
327.109825
328.063215
329.353579
330.140011
331.434002
332.730666
334.030003
334.989663
336.293189
337.599385
338.389514
339.352323
340.837696
341.977585
342.943735
343.910214
345.053425
346.375120
347.521895
349.204652
349.104886
351.150463
351.404101
353.458518
353.346981
355.227358
355.473287
357.360731
357.970017
359.497567
359.736261
361.452569
362.616315
363.967962
364.761075
366.116198
367.285698
368.456631
369.439536
370.802780
371.977992
373.345887
374.332675
375.512140
376.693019
377.681624
379.059002
380.633895
382.603632
382.618500
384.397966
385.195817
386.784396
387.185470
388.977215
389.375544
391.373511
392.171706
393.573692
394.371555
396.182612
397.184834
398.187183
399.599080
401.013572
402.018754
403.230619
404.443833
406.281843
407.499614
408.509663
410.358553
412.002216
413.860654
415.512619
417.592807
419.253709
422.412588
424.085582
426.621252
428.519807
431.719286
433.198671
437.070204
439.868938
443.333375
446.592704
450.524110
454.031309
458.878825
462.639692
467.972151
471.768283
476.697804
480.976476
486.172666
490.715498
495.729999
500.993251
505.824890
510.449169
516.236541
520.902986
526.278991
531.678405
536.176018
542.547576
546.156549
551.644698
555.051269
561.049797
564.016886
569.115965
572.344041
576.531378
579.783333
583.999796
587.036558
590.322456
593.378604
596.685213
598.552070
600.664145
602.780353
604.656979
606.047671
607.193503
607.601101
608.496284
608.894942
608.793095
609.180117
608.316943
608.939949
607.055758
606.409366
604.745765
604.580230
602.635792
601.942378
600.220999
599.503609
596.218853
595.473385
593.175141
591.115782
589.038942
587.462637
584.832708
582.963628
580.817262
578.391564
575.946872
574.272355
572.055358
570.349472
568.363447
566.361000
564.875006
563.642383
561.861722
560.334390
560.677413
557.777936
557.833619
556.256325
556.024603
554.968053
555.539863
553.917093
555.026643
554.484006
555.036842
555.309936
556.410713
556.955047
557.496304
559.152219
560.250300
561.067224
562.163926
562.695885
564.639150
566.302623
567.684228
569.921730
571.878746
573.839545
575.804126
578.060225
580.033066
584.033567
584.859557
587.717385
589.418318
592.289288
593.705179
597.175217
597.715958
601.789963
602.628082
606.129339
607.266930
610.784163
612.522937
614.264089
616.007620
617.753526
618.899763
620.649006
622.098189
622.942058
624.391740
625.537824
626.683441
627.216668
628.359922
628.580570
630.028813
630.551606
633.237567
631.897392
633.032710
632.297733
634.989458
633.931142
634.744917
634.613302
636.366579
635.279041
637.030502
636.245623
637.359872
638.154791
638.947704
638.457848
639.564774
640.027863
640.487487
641.266697
642.367637
642.494488
642.941620
644.688973
645.458627
646.553578
647.319803
650.056803
649.175528
651.257216
651.356735
653.773134
654.864973
657.288711
657.046642
660.143996
660.566854
663.002355
663.759153
666.538736
667.972024
670.422883
672.199518
674.999532
676.100506
677.884463
678.985461
681.802259
682.905453
685.386967
687.528091
688.634193
691.127362
692.582584
694.735346
696.542600
700.101405
699.813013
702.680062
703.441234
706.317006
707.078102
709.962590
709.303569
712.549572
713.308270
716.565181
716.608601
719.874945
720.992807
723.190324
724.308775
725.064781
726.905588
728.385417
729.502051
730.982431
732.098132
733.579048
733.960205
736.175235
737.289021
737.663914
739.144252
739.884207
742.478002
741.729027
742.835365
742.446959
745.419583
745.024194
746.876115
746.847926
747.945905
747.531278
749.760449
749.337283
751.948480
751.898398
752.987847
752.929179
754.780780
753.947229
755.413040
756.108631
756.029519
755.944955
757.793022
758.478006
759.549625
761.010119
761.299288
762.367186
763.041977
766.857122
764.384046
767.417453
766.111174
768.753438
768.624430
771.271394
771.136571
773.788223
774.047177
776.704257
777.761844
780.023979
781.081714
782.541760
783.598122
785.868051
785.707639
788.386323
789.034265
791.311184
791.548308
793.418926
795.701622
796.344106
798.630638
799.270912
802.387619
802.199316
805.322858
804.298404
807.427258
806.809941
809.944851
809.738434
813.299372
813.508381
816.237657
816.864346
820.444158
821.070804
824.237404
824.438704
828.038112
829.089161
830.992644
832.897981
834.805168
836.285119
838.195238
840.107199
842.883725
843.936633
845.854099
848.640682
850.128921
853.793286
853.106302
855.905496
856.084863
859.765622
859.503548
862.753517
863.366897
866.625035
867.679455
870.503735
870.228063
874.833895
874.554930
876.945092
878.891964
880.840609
881.446672
884.743206
884.898577
886.851229
888.354467
890.761800
892.719713
894.225911
896.186550
899.058909
900.113048
902.078900
905.418328
904.641653
906.151582
906.742552
910.092693
910.682506
912.655051
911.853493
914.751658
915.333758
917.307755
917.420662
920.327904
921.838214
924.284660
924.390528
926.839566
926.940361
928.449864
929.487681
932.414446
932.032461
933.540948
935.524441
936.558279
938.067116
939.576062
941.085113
942.115550
946.021455
944.652367
947.603324
947.668267
950.623996
950.201187
953.160908
953.216200
956.180665
955.745109
959.200690
958.759120
961.732267
962.262807
964.751205
965.278772
967.278571
967.802383
969.803022
970.323064
972.324529
972.840786
973.850351
975.852644
976.860705
978.864556
980.370523
983.877260
982.380543
984.888425
984.384408
987.397066
986.886118
990.407372
990.395808
994.430248
993.401368
996.935554
997.424058
1000.965839
1001.962890
1006.023948
1008.557531
1011.606593
1013.120501
1017.718343
1021.295790
1025.910369
1028.985178
1034.649843
1039.808861
1045.497130
1051.197576
1058.470594
1063.676782
1070.980265
1081.435099
1085.114298
1095.611061
1101.411177
1111.952909
1118.310455
1129.424927
1136.872271
1147.507696
1156.051705
1167.796038
1176.384158
1187.650151
1196.813978
1207.065382
1217.875026
1227.641139
1236.894571
1246.169238
1255.465131
1265.857737
1274.659077
1281.862257
1290.700640
1299.017874
1304.645370
1311.368006
1318.104161
1322.134505
1329.983112
1334.030524
1338.083786
1340.502133
1346.207841
1346.439486
1351.059961
1350.188038
1352.612621
1350.626428
1352.495103
1349.386233
1349.032277
1346.453700
1344.973240
1341.259005
1339.756564
1336.571849
1331.698000
1327.923788
1323.014234
1319.207366
1313.700700
1308.173900
1303.752834
1297.059905
1291.472713
1286.430609
1280.237948
1276.290589
1267.220199
1263.803136
1254.681869
1250.089582
1243.198078
1238.568608
1230.489741
1228.112835
1220.562781
1217.582728
1210.564535
1208.130003
1201.648234
1200.341144
1193.822992
1191.914286
1187.677556
1185.746873
1180.900957
1178.365635
1175.819327
1173.262034
1173.030470
1172.209035
1169.624080
1168.787480
1169.118833
1168.858798
1172.126093
1170.092299
1172.770803
1170.133117
1172.810021
1171.934606
1175.798636
1175.510317
1178.190766
1178.491791
1181.770618
1183.262499
1188.340468
1191.032972
1193.728023
1195.225591
1199.125747
1200.625378
1205.135867
1206.638295
1209.951542
1212.059765
1215.984802
1217.491266
1221.424302
1222.325240
1226.265503
1230.820260
1229.894108
1233.845547
1232.301101
1236.868731
1236.541258
1241.116790
1240.785252
1242.908676
1242.570073
1245.925380
1245.581196
1248.939867
1247.352637
1249.474221
1251.596728
1252.478232
1251.492556
1253.612597
1253.240773
1254.735714
1256.230068
1255.222143
1254.833849
1256.321226
1255.925059
1257.409010
1257.634093
1257.855604
1261.857221
1259.550610
1261.659155
1260.604392
1263.344527
1261.012496
1264.386426
1263.313629
1267.326512
1264.972003
1268.350028
1267.260650
1271.280544
1273.385039
1275.490349
1276.313100
1278.418558
1279.238507
1282.631881
1284.095111
1287.493743
1288.957815
1291.068028
1293.179017
1295.290779
1297.403309
1300.166360
1302.931634
1305.699124
1310.424683
1310.588049
1314.668254
1314.174567
1317.605012
1317.761087
1320.538836
1322.004639
1327.416427
1327.568073
1332.330760
1331.820199
1335.929396
1336.736523
1339.527877
1339.669863
1342.462573
1341.935780
1343.399005
1344.861445
1345.656600
1344.447858
1347.240193
1349.365957
1347.476042
1348.928649
1348.367961
1350.488341
1349.920265
1354.057991
1350.116129
1352.231805
1350.297204
1352.409794
1350.463483
1352.572980
1351.292979
1354.757562
1352.110531
1353.535077
1351.554360
1354.336837
1353.709757
1354.443594
1354.491408
1354.535511
1353.890734
1353.926700
1353.272362
1353.300191
1354.012321
1353.344708
1354.050829
1354.064510
1352.692766
1353.389159
1356.852338
1353.389084
1355.464530
1353.374136
1356.836587
1352.648504
1357.502893
1355.391258
1358.855051
1356.733149
1360.197943
1358.065774
1361.531555
1361.493438
1362.855874
1364.217386
1364.170884
1365.529138
1366.181516
1367.537203
1368.185609
1368.124635
1369.475403
1371.533662
1372.174097
1372.102356
1373.447927
1375.503763
1376.848110
1381.041941
1378.107295
1382.303350
1380.786434
1384.986081
1384.177744
1388.381655
1386.850428
1391.057890
1389.519153
1395.169206
1395.064773
1398.561119
1399.174203
1400.507184
1401.116179
1406.064724
1405.224367
1408.729038
1408.608228
1411.389235
1413.444863
1415.500818
1416.828649
1418.155435
1420.940792
1421.536347
1423.591828
1425.647610
1432.098876
1427.560426
1432.550602
1430.200819
1434.460379
1434.308752
1436.363126
1436.205950
1441.948560
1441.050580
1443.843935
1443.679010
1445.732214
1448.526972
1451.323307
1451.893244
1453.947376
1454.513735
1455.077631
1454.893729
1460.674050
1458.994545
1462.539931
1463.844165
1468.141937
1469.446544
1472.250000
1472.802966
1473.353446
1479.165374
1477.457557
1481.769793
1480.808318
1485.124157
1484.157025
1489.232398
1486.747032
1494.098435
1490.090220
1494.416066
1491.912776
1496.240817
1496.770127
1498.058128
1499.344919
1500.630497
1501.151690
1503.198000
1502.186506
1505.760615
1507.805853
1506.785472
1510.362387
1510.871079
1510.608868
1512.649867
1516.999894
1513.650780
1516.460278
1516.184719
1518.222044
1517.167867
1521.523245
1519.689161
1524.047141
1522.205387
1527.342035
1526.269977
1529.857004
1527.222541
1531.588191
1531.281977
1533.311669
1532.999688
1535.027422
1536.273306
1539.082790
1539.544244
1540.003124
1541.243775
1543.268090
1544.506738
1545.744064
1547.766931
1549.002233
1552.600569
1549.891341
1552.700137
1549.190095
1554.368086
1550.847240
1555.236286
1553.289010
1555.300988
1553.344169
1557.735893
1554.181443
1557.778572
1558.989406
1559.402041
1560.609524
1561.815637
1561.423013
1562.625146
1563.025991
1565.025278
1564.620996
1567.419876
1568.615094
1569.005949
1570.197770
1570.584005
1571.772422
1573.764844
1578.175118
1575.329254
1581.355403
1578.501261
1585.340877
1583.288100
1590.944767
1589.696966
1594.930877
1596.112133
1602.976260
1605.784109
1613.472352
1618.727180
1623.986511
1630.065363
1638.596765
1644.688716
1654.053564
1662.611363
1672.814316
1682.210168
1694.893043
1705.131574
1717.022242
1728.926645
1743.309374
1756.887170
1771.303661
1789.853767
1800.187951
1817.953546
1830.790492
1846.118966
1858.986871
1877.656909
1889.730565
1905.957322
1918.889007
1935.151548
1948.114308
1963.582198
1975.744461
1989.582663
1998.444280
2010.644605
2020.358522
2031.749397
2039.814949
2048.722555
2057.638481
2064.054739
2072.148973
2074.390463
2079.981875
2082.223954
2087.820460
2085.866177
2089.785023
2086.140681
2088.375093
2084.717224
2084.419400
2076.532607
2075.377991
2069.154855
2064.608551
2057.517548
2052.950056
2041.604142
2037.859399
2030.717293
2023.562186
2012.152632
2004.968838
1993.525148
1984.612887
1973.984574
1964.190062
1955.231019
1944.552732
1933.857302
1923.144762
1914.122658
1902.522778
1897.743517
1881.834901
1876.173882
1863.650749
1857.107536
1844.550114
1839.696326
1828.823017
1823.946897
1813.043819
1809.005653
1800.655649
1797.459770
1789.947838
1785.872842
1780.064031
1776.835151
1771.871429
1767.763016
1765.376458
1762.983952
1761.451508
1759.047650
1757.504913
1756.824866
1756.140987
1756.321884
1754.761742
1758.414587
1761.198615
1758.758906
1763.282812
1759.092055
1764.487721
1765.523112
1769.176435
1769.336057
1775.612665
1775.770242
1783.802453
1783.083199
1791.122951
1792.154672
1798.448331
1800.357236
1804.021916
1805.051382
1810.475509
1812.383604
1816.051447
1817.958844
1820.746676
1822.652852
1824.558161
1829.110924
1830.132695
1830.268834
1829.517867
1837.610491
1832.430591
1836.099174
1834.451553
1838.119298
1834.690624
1837.468874
1835.806422
1837.693713
1834.245384
1834.348735
1832.669078
1834.546878
1832.859600
1829.384535
1825.902806
1826.876753
1821.598226
1822.565071
1819.060589
1818.232573
1814.716292
1814.774621
1813.038584
1810.401610
1806.862303
1806.007961
1806.945149
1803.389939
1806.118170
1800.755106
1803.479106
1798.103501
1801.723685
1797.236903
1799.052038
1796.357273
1798.168180
1795.464626
1799.077607
1793.655374
1797.265486
1797.258384
1797.248488
1796.330390
1798.126173
1796.295738
1797.180977
1798.064319
1796.222836
1797.101044
1798.885879
1798.851754
1801.543075
1801.504694
1804.194394
1804.151750
1806.839810
1809.527696
1810.391329
1813.990447
1812.112817
1817.537344
1816.567886
1821.079949
1819.191126
1824.618222
1823.639277
1829.068032
1827.168423
1832.598372
1834.361874
1837.041861
1834.213419
1837.808760
1838.648055
1838.566094
1841.240424
1841.154093
1844.747081
1843.735840
1845.485040
1846.311306
1846.213399
1847.035276
1850.624174
1844.055985
1848.565125
1843.833253
1847.416210
1843.599302
1846.254445
1841.502456
1845.079851
1841.244491
1844.819494
1840.047899
1841.764419
1837.910308
1841.479305
1838.545478
1839.324185
1837.311450
1834.364159
1835.134125
1833.109137
1830.148445
1831.841457
1827.940362
1827.763543
1826.651041
1827.401609
1825.349132
1825.160496
1828.706877
1821.970480
1824.578043
1818.764909
1822.304057
1817.416490
1822.826179
1815.118523
1819.589008
1816.557903
1819.150980
1816.112179
1819.640922
1816.594809
1819.181725
1820.828073
1820.592366
1820.353925
1820.112752
1819.868848
1820.564049
1821.257238
1821.948415
1821.694672
1822.381465
1821.179009
1820.917091
1822.541094
1824.163783
1828.620222
1822.678332
1828.078189
1827.803087
1829.418090
1828.191476
1833.591173
1831.412701
1834.916864
1834.628520
1840.028263
1836.890088
1841.340319
1841.043789
1844.543802
1844.243165
1851.543677
1848.387800
1851.885241
1850.625207
1853.169017
1853.807800
1857.301897
1856.984723
1857.617933
1857.295627
1859.831875
1860.459166
1861.084372
1867.435822
1861.373483
1865.813540
1861.652972
1866.091059
1861.922838
1866.358937
1863.140012
1869.488895
1864.348808
1868.781494
1868.423713
1870.938632
1869.617556
1873.088567
1872.721747
1874.271587
1873.899937
1875.446152
1875.069672
1875.651365
1875.269756
1875.846916
1876.421956
1876.994875
1877.565672
1877.171693
1878.700893
1878.302083
1884.645209
1879.423967
1882.873995
1878.608578
1884.949468
1880.677229
1884.121845
1882.738475
1885.214994
1883.826229
1885.333239
1885.872042
1887.375596
1887.910385
1889.410468
1890.908946
1891.437833
1891.964566
1892.489146
1891.073995
1893.531838
1893.080629
1892.626733
1893.139998
1897.531536
1896.100787
1897.578719
1898.084116
1896.645056
1903.945410
1900.558953
1902.027838
1900.578567
1906.905431
1902.533809
1906.913745
1905.454509
1908.859155
1908.368468
1910.796811
1909.327358
1910.777911
1912.226759
1915.623641
1913.169097
1914.612325
1914.102657
1916.517790
1915.027430
1916.462812
1915.943408
1918.351610
1914.896605
1919.255298
1917.748941
1918.194814
1922.550077
1918.101814
1918.540841
1916.041946
1921.369853
1915.928613
1921.254085
1917.764475
1920.148920
1918.612482
1922.953563
1917.491017
1922.809476
1918.320473
1923.636614
1924.046853
1924.454870
1925.842236
1926.246014
1927.629548
1926.064707
1924.496829
1928.821451
1927.248715
1928.621915
1928.026910
1930.379427
1927.812605
1929.177471
1932.508422
1929.933345
1931.292279
1926.742125
1933.019846
1926.493690
1931.783901
1928.206150
1932.508452
1927.939097
1931.252367
1925.690335
1931.958260
1929.348721
1931.668633
1930.040098
1932.356231
1928.748355
1931.060351
1928.433686
1929.754120
1927.121606
1926.461699
1928.763504
1927.110685
1928.420243
1927.750705
1928.067351
1929.370667
1932.650206
1927.025358
1931.290271
1925.658721
1929.920082
1927.251435
1930.519681
1923.884973
1929.129657
1926.449894
1928.720047
1927.025509
1931.273565
1929.574234
1931.836850
1932.115112
1934.374077
1935.639729
1938.886918
1936.181299
1943.392925
1946.635516
1950.868949
1952.123864
1959.332182
1962.569253
1969.776137
1974.996612
1983.195324
1998.346249
2000.585206
2013.750421
2018.967805
2036.108553
2044.306581
2061.449680
2071.635942
2088.781428
2100.956934
2118.104830
2129.286959
2149.420862
2163.588209
2180.740718
2194.909484
2214.054120
2227.229119
2244.385441
2260.547307
2277.705349
2293.868610
2308.041025
2324.205151
2340.369727
2354.542697
2367.719523
2385.877014
2395.068548
2408.244463
2416.437605
2428.615607
2435.809672
2447.985805
2454.180224
2462.366618
2467.560503
2474.746487
2475.947767
2479.140786
2479.339415
2483.524732
2483.717850
2484.905605
2482.100079
2478.293488
2472.487848
2467.676284
2462.861110
2459.040330
2449.227780
2442.405367
2434.580967
2423.757904
2412.930582
2402.099042
2395.257079
2378.426456
2368.580928
2351.741139
2342.886026
2325.038603
2314.177952
2298.319228
2287.450561
2271.583391
2261.705871
2245.830506
2234.946384
2222.060357
2212.168056
2197.276190
2189.375261
2173.476691
2163.570304
2152.661204
2141.748731
2129.833470
2120.913306
2110.990500
2102.064094
2093.134633
2087.200999
2078.265609
2073.325954
2071.382690
2060.439330
2060.490268
2049.541243
2049.587086
2042.631778
2042.672656
2036.711978
2036.747942
2033.781830
2032.813045
2032.841761
2033.868019
2032.892014
2033.913508
2033.932662
2033.949421
2035.963751
2038.975699
2036.985314
2040.992492
2043.997293
2048.999699
2049.999698
2056.997276
2058.992426
2061.985133
2066.975365
2068.963164
2078.948303
2075.931271
2082.911425
2079.889517
2085.864645
2083.837791
2090.807712
2088.775931
2095.740641
2093.703918
2098.663683
2095.622225
2099.577014
2100.529830
2099.480622
2100.428448
2100.374050
2096.318479
2095.259604
2096.197555
2092.135046
2092.068544
2091.000060
2082.932766
2085.857556
2079.784932
2076.708441
2072.630397
2069.549530
2070.463505
2061.382801
2061.292999
2053.207749
2051.115300
2045.024486
2043.926772
2037.832066
2035.731110
2027.634956
2027.527511
2019.427859
2020.314762
2013.210249
2012.095519
2006.984541
2002.870238
1998.754065
1995.634354
1994.509181
1989.389040
1987.261580
1985.132051
1983.000461
1979.868898
1979.728972
1977.591168
1979.442142
1973.309468
1973.160693
1966.027262
1969.863994
1966.716543
1967.556223
1964.404793
1967.234012
1966.072449
1965.905656
1964.739732
1966.561887
1962.401491
1969.201657
1967.030034
1969.838355
1971.647527
1971.461633
1970.277331
1972.078908
1969.894179
1973.682352
1972.488900
1971.293337
1976.068670
1974.868277
1976.651657
1978.432301
1985.185604
1979.995409
1981.768024
1979.558867
1984.310328
1981.102113
1984.853165
1979.652274
1984.392066
1982.169899
1985.909576
1982.689173
1986.423132
1984.192277
1985.933445
1985.685118
1984.441255
1980.216062
1981.947330
1979.704444
1980.437865
1978.191003
1978.919667
1977.661147
1976.400585
1976.130019
1975.857145
1975.581964
1972.329621
1977.007642
1969.785905
1969.502217
1967.234132
1967.937045
1963.683578
1965.372662
1960.125625
1960.819672
1957.550484
1958.239964
1953.977572
1954.662647
1952.376493
1950.088690
1947.799245
1948.475387
1944.204373
1945.864896
1943.568147
1941.269788
1937.981566
1938.644465
1935.353061
1934.035933
1932.716895
1928.433686
1926.124103
1925.787125
1929.395521
1922.146273
1921.803114
1916.525851
1919.137711
1915.830169
1917.450665
1914.139941
1915.755447
1912.441562
1913.066974
1910.735051
1911.355844
1910.989506
1909.636606
1908.281875
1909.877213
1906.550708
1907.157470
1904.811487
1906.396827
1903.064234
1904.644574
1903.274147
1903.866695
1904.456638
1905.043975
1903.665148
1904.247675
1906.790318
1899.517954
1905.979572
1900.667217
1904.179502
1898.865082
1903.351590
1898.034923
1900.555563
1901.113813
1902.648668
1902.222430
1904.730378
1903.320523
1904.843966
1902.451825
1904.947889
1904.507389
1905.042144
1902.642599
1904.149736
1904.677006
1903.248574
1901.818419
1905.266842
1903.832082
1904.346782
1908.760224
1903.417980
1907.824664
1903.455076
1905.905963
1900.560038
1906.901201
1901.552866
1903.018689
1903.508181
1904.967914
1901.561143
1903.988186
1900.578567
1902.027838
1902.502265
1903.945410
1900.529634
1901.967664
1899.519976
1899.982263
1901.411969
1897.989229
1899.413816
1899.865864
1899.346163
1898.824298
1898.300269
1895.837575
1898.213710
1892.844370
1893.280228
1889.844720
1894.143848
1890.705133
1894.030317
1890.588682
1891.975499
1888.531517
1890.878430
1887.431842
1890.737440
1890.181115
1891.550834
1890.025846
1892.353370
1887.934402
1889.293261
1888.723519
1891.038721
1888.539692
1889.886798
1887.384672
1887.765146
1887.182008
1886.596739
1886.009341
1886.379803
1890.586291
1884.234381
1889.392974
1883.999229
1886.274195
1881.838037
1882.191509
1880.627149
1881.933009
1880.364727
1883.578036
1879.136300
1880.430898
1880.766452
1879.188547
1875.699087
1875.073596
1874.446003
1871.908145
1872.230755
1871.597185
1869.055294
1867.465396
1865.874060
1862.377019
1862.687091
1862.994425
1860.445573
1860.748418
1863.899975
1857.545279
1857.841234
1855.286005
1856.526631
1851.122191
1857.100690
1853.591088
1856.715979
1851.309062
1853.480334
1848.073413
1854.024852
1850.508715
1849.829766
1849.148765
1848.465712
1847.780611
1847.093461
1844.516327
1845.713026
1843.133220
1841.495701
1840.799408
1840.101079
1839.400718
1837.756851
1840.817241
1832.583693
1835.638584
1831.168346
1833.276625
1831.623515
1834.663758
1831.129127
1832.285644
1826.873926
1830.838399
1825.426372
1831.256516
1826.779790
1831.663605
1829.991853
1830.189251
1826.644596
1826.837989
1824.226432
1826.282815
1823.668409
1823.852291
1822.168348
1821.415332
1819.728568
1818.040592
1818.213380
1815.591621
1820.411085
1815.925740
1817.947501
1814.390762
1815.477580
1810.063182
1810.217824
1807.587377
1809.591785
1806.958610
1810.808790
1805.394564
1808.311372
1805.672774
1805.807737
1805.015711
1806.993196
1803.425808
1805.396950
1805.518499
1805.637281
1802.987976
1804.945179
1805.977014
1807.925782
1809.870115
1810.890307
1815.584018
1819.351898
1824.032083
1823.197123
1829.701035
1831.610332
1840.849190
1844.578754
1855.629360
1858.427577
1872.201044
1875.897938
1887.816313
1892.410509
1908.870879
1918.922489
1931.699083
1940.812468
1956.295433
1967.204815
1979.011485
1990.803804
2006.221137
2017.982879
2032.457061
2044.188499
2056.813474
2071.238257
2082.924156
2096.408890
2106.251914
2125.140555
2129.520704
2143.847768
2151.825715
2164.312663
2168.651334
2179.304351
2181.819005
2190.643423
2194.044802
2201.945956
2204.430427
2209.610156
2212.981235
2215.445905
2215.207480
2215.864381
2212.924706
2211.779854
2207.941179
2204.999704
2201.161562
2194.636626
2188.115034
2183.386465
2173.293238
2166.782736
2161.169071
2147.521438
2142.809518
2127.395307
2122.692289
2107.298471
2099.932786
2084.560943
2074.539888
2061.858966
2051.854344
2036.528363
2024.766426
2011.239674
1998.611142
1986.879411
1974.271615
1960.789255
1949.972808
1936.512387
1924.831251
1912.276681
1903.264070
1891.611556
1883.496126
1872.742830
1862.879339
1855.664785
1844.936125
1841.250954
1828.778932
1823.344449
1811.768569
1808.098542
1797.415400
1795.504367
1786.586309
1785.552995
1779.269297
1777.361176
1769.336057
1770.922908
1768.141287
1766.232148
1761.707157
1761.540438
1759.629579
1760.328458
1755.805663
1758.238238
1758.059097
1758.745250
1756.824866
1758.371960
1759.914176
1759.719501
1762.118471
1761.916632
1766.898584
1764.096274
1769.064735
1765.395544
1771.213335
1770.126557
1775.066883
1772.251425
1776.317962
1773.499004
1776.694387
1776.448274
1779.631614
1781.092788
1782.548997
1782.287320
1781.166902
1781.755499
1780.630516
1778.649495
1780.082846
1778.098352
1776.113210
1774.979553
1771.289425
1771.004991
1767.315789
1767.027920
1765.038456
1764.746068
1757.664525
1754.827702
1749.449816
1747.462318
1743.782070
1742.640060
1736.426514
1736.128908
1731.609202
1727.092290
1721.735437
1720.593468
1716.083335
1713.258181
1708.752620
1705.089870
1699.750104
1696.930812
1690.759144
1689.618785
1685.965453
1681.477366
1679.500191
1676.687142
1673.874785
1670.228846
1670.753300
1663.775657
1664.297543
1658.991629
1658.678400
1654.208251
1655.553024
1651.084955
1651.594637
1649.614858
1647.634696
1644.826779
1645.326838
1640.865745
1644.664124
1641.853573
1641.517238
1638.706560
1637.543303
1634.733104
1634.390123
1634.866001
1634.517071
1634.165459
1634.630941
1633.454194
1631.457355
1631.914210
1630.732384
1635.266783
1629.180485
1631.256112
1626.805232
1630.502003
1626.051737
1627.297468
1624.474916
1624.901467
1622.078370
1624.932119
1621.296447
1621.711129
1620.503865
1620.912013
1616.469306
1616.873340
1615.660264
1616.057769
1614.840590
1615.231567
1611.597719
1611.983995
1609.154514
1606.326045
1606.705592
1604.677857
1602.649926
1600.621806
1602.589984
1597.363696
1598.526684
1591.710072
1592.072191
1588.449369
1589.602445
1585.980551
1584.744063
1580.331242
1580.680709
1576.271348
1576.616826
1573.002201
1572.552453
1569.730096
1567.698257
1564.877567
1561.269912
1559.239665
1557.209332
1552.820206
1553.148434
1550.332898
1547.518559
1547.840290
1545.025836
1541.430145
1539.400580
1541.276898
1532.999688
1535.651412
1530.502699
1530.030908
1526.444536
1526.747538
1520.832883
1521.133327
1517.552696
1517.848678
1514.269994
1512.240948
1510.211926
1508.955175
1507.697171
1504.896015
1502.096194
1500.067374
1497.269594
1497.546635
1493.981260
1494.253900
1491.457034
1492.490405
1489.693047
1489.190490
1491.740698
1486.651496
1486.905218
1483.345811
1483.595168
1480.037940
1482.562638
1475.968670
1480.002916
1475.689552
1476.681170
1473.884589
1474.113287
1471.316989
1473.049977
1472.514585
1470.470074
1466.920417
1467.885516
1465.840170
1466.046989
1462.500000
1461.953191
1461.403907
1460.852149
1458.803243
1458.247875
1456.198032
1455.639064
1454.332965
1454.513735
1456.177357
1451.893244
1452.807278
1448.526972
1452.397988
1448.118822
1450.497594
1446.959552
1449.328031
1445.053214
1446.675477
1443.875716
1444.753790
1443.423015
1444.292820
1441.491422
1440.889253
1438.820945
1436.752923
1435.415684
1434.807189
1432.738010
1431.397582
1430.783860
1428.713557
1427.369968
1427.476756
1427.579761
1422.608586
1422.708825
1420.636374
1420.731114
1416.492502
1418.025630
1414.510694
1415.316053
1410.365535
1412.602411
1408.374232
1408.451189
1405.660068
1407.878413
1402.941910
1402.295340
1400.933089
1398.144627
1398.205630
1397.551652
1394.763726
1394.816932
1394.866382
1392.078329
1389.999841
1389.335870
1387.963201
1386.589579
1388.034781
1383.135239
1383.870103
1380.382765
1380.409401
1376.925100
1377.648501
1373.466520
1375.583215
1371.404310
1373.511422
1368.638395
1370.736631
1367.956254
1368.653299
1366.567624
1365.176149
1362.397818
1363.082782
1359.613227
1359.601309
1359.585670
1356.808570
1355.410883
1355.388350
1353.300191
1351.899179
1351.183181
1347.039060
1349.744329
1344.919030
1344.881209
1340.745803
1342.749658
1336.574917
1337.891205
1336.483123
1336.431683
1331.630412
1334.285814
1329.489351
1330.782052
1328.017300
1327.952331
1325.862545
1325.119376
1321.684881
1320.268562
1318.180618
1316.093327
1315.345466
1313.926713
1311.839236
1310.419649
1308.332791
1306.912384
1304.161113
1303.404950
1303.973779
1299.897379
1300.461073
1297.051124
1295.626877
1292.221977
1292.116917
1287.398603
1289.922504
1284.552221
1287.065933
1281.702948
1282.896729
1279.504954
1280.037330
1276.648518
1276.523149
1274.440492
1273.009090
1270.927237
1270.793236
1269.359032
1268.571705
1266.488576
1266.344520
1265.551494
1266.045581
1267.822377
1265.089061
1267.497395
1265.404441
1269.080850
1268.903543
1272.559499
1273.648053
1277.920074
1278.991844
1284.512758
1286.202049
1292.963719
1295.265350
1303.259625
1306.168407
1312.858750
1317.635149
1324.287938
1329.031209
1338.162940
1344.755263
1351.327662
1358.507035
1365.664983
1372.801497
1379.916569
1388.258063
1394.082352
1403.622843
1408.162265
1416.411922
1421.536027
1429.120986
1433.589316
1441.131998
1442.479313
1450.599910
1454.385784
1458.772578
1461.915296
1466.272431
1469.388472
1471.267902
1472.526465
1473.776918
1474.409496
1474.426446
1472.005217
1472.622456
1470.199247
1467.776927
1465.960772
1462.934979
1459.307823
1455.081562
1450.258454
1444.840761
1441.834566
1432.230666
1428.039096
1419.663422
1414.292529
1404.154085
1398.806190
1389.298307
1382.783206
1373.309678
1365.634945
1356.197327
1349.737466
1340.925274
1331.540479
1322.764291
1313.417034
1304.088940
1295.954427
1287.249633
1277.391146
1269.308187
1261.241426
1253.190874
1243.991211
1236.556531
1227.974273
1220.570570
1213.761250
1208.122931
1198.447973
1193.412768
1184.350035
1181.640975
1174.333862
1169.338884
1162.631935
1160.520804
1153.262351
1150.589104
1145.065875
1142.971605
1138.033442
1137.081869
1133.858467
1132.339519
1129.122328
1127.605037
1124.394075
1122.314763
1120.236675
1119.284158
1118.329827
1115.691738
1115.855848
1114.337730
1116.169518
1111.300665
1113.122765
1110.486830
1113.406832
1110.214295
1111.456396
1110.478507
1112.260163
1109.068904
1110.287884
1109.849068
1109.956171
1108.413117
1109.608253
1109.154763
1108.697994
1107.692557
1106.685374
1106.764178
1105.751987
1104.195724
1103.180830
1102.164208
1100.605818
1097.968682
1097.488466
1094.316268
1093.296410
1092.811061
1088.574313
1088.622543
1085.996407
1084.439482
1081.285227
1080.261910
1076.582614
1076.619951
1074.005911
1073.509042
1069.842197
1068.816497
1065.157817
1065.183623
1063.630517
1061.553328
1058.954358
1059.492938
1055.851951
1054.300591
1052.749131
1049.639477
1048.608728
1046.540692
1044.991170
1042.925268
1042.922953
1041.371665
1041.362305
1037.755650
1038.254791
1034.654149
1035.657970
1032.572754
1033.567271
1030.485029
1030.962392
1028.391003
1028.860623
1025.785143
1025.743007
1025.192218
1024.638342
1023.076394
1023.019612
1020.453425
1020.391261
1019.325643
1016.762521
1014.202475
1014.131123
1012.566114
1011.496711
1010.425795
1008.365261
1006.306290
1004.248885
1004.160062
1000.629775
1001.027419
997.013906
997.406279
992.425471
991.839819
986.873703
986.288944
982.792084
983.174101
979.200206
978.129360
975.611713
973.097220
972.026635
969.036675
967.008847
964.026751
962.958097
960.458764
957.486956
955.469632
952.979840
950.019883
948.009821
946.001422
942.110466
939.638174
939.047179
934.703202
933.644505
930.248294
927.791283
924.406099
923.816781
920.439575
919.385658
915.091937
915.426271
910.682506
910.553034
908.121279
906.151582
903.725560
901.760072
899.339794
898.290034
894.964005
892.098523
890.144758
888.192736
886.242461
884.293934
883.247973
880.851784
881.152163
876.517382
876.814421
872.639684
872.486805
868.769071
869.057947
865.792650
866.075944
862.817267
862.212484
859.842950
859.235663
855.991787
855.821743
855.209968
853.722064
851.362600
850.747133
847.956900
846.906108
844.988333
844.800879
842.020998
840.537803
839.914613
837.572372
836.946793
834.608244
835.687518
831.645448
831.440425
828.259480
828.898901
826.146976
826.355748
823.608325
822.969514
820.648103
820.845449
818.107824
818.299104
817.233842
815.335051
813.853602
812.787231
810.064015
809.824786
807.931742
807.275609
805.384132
804.314887
801.197543
800.947178
800.284816
797.991310
797.326787
796.659681
796.394877
793.701244
793.432805
789.536722
790.472523
787.388602
787.914422
786.035517
785.754020
782.283615
782.397411
780.522641
779.837421
777.569258
776.882006
775.798638
774.714265
773.236782
771.368441
769.892713
768.807354
767.331895
766.245318
764.382527
762.908624
761.821369
761.503902
759.259338
757.786064
758.612154
754.458746
754.514431
752.279299
752.708792
749.337283
750.139115
746.775432
747.191547
744.212878
744.621961
742.399549
742.051724
739.832709
739.480865
738.009223
736.538178
734.697237
733.228140
732.497683
730.660048
729.192046
727.724661
725.891842
725.157081
722.232516
720.769857
720.034039
717.484080
717.832214
714.203819
712.745843
710.210263
709.473165
706.228157
705.848852
703.683421
702.233078
699.718386
700.397226
696.825469
696.438446
694.639417
693.193881
690.697212
689.605132
687.813996
686.721849
684.933579
683.494429
681.363545
680.618261
677.802201
676.712860
675.279478
674.189398
674.124135
669.619220
670.234028
667.104524
666.694545
664.251673
664.513808
662.075340
661.994242
659.225601
660.143996
657.714372
657.288711
655.529811
655.431615
654.997448
655.220242
654.448020
654.660139
655.193941
655.392539
655.584749
657.400232
657.250893
659.368080
660.498981
663.234523
664.018231
666.722492
670.050802
670.796987
674.728776
675.449551
680.295791
681.941069
685.789298
688.666489
692.785409
694.678288
698.752808
701.237411
705.578547
707.712248
711.695419
714.102993
717.421642
720.101050
722.761660
725.096120
727.413243
729.713050
730.774553
733.347167
734.078074
735.708212
736.416670
736.813259
737.201128
739.081880
737.651148
737.714731
735.981795
735.440064
732.816252
732.566676
729.357223
727.924196
725.020930
723.590993
719.234761
717.227590
712.893302
709.153799
704.555789
700.551155
695.981993
692.003406
686.888970
681.792394
677.856276
672.222680
667.746746
662.435116
656.576887
651.587160
646.333687
640.818522
636.724466
630.687935
626.625845
620.630887
616.878079
610.093875
606.372919
600.461578
596.495729
590.899689
586.964892
581.408083
578.319966
573.885122
570.007485
566.143256
563.099927
558.723462
555.702132
552.155832
548.887977
546.693842
543.444527
540.734664
537.505219
536.127833
532.652461
530.235887
528.347928
527.505275
524.583512
523.484123
521.092783
519.738680
518.128719
517.033929
515.171951
514.588806
512.985489
512.399327
511.304339
510.966180
510.120543
509.273429
508.174511
508.074127
506.723282
505.870321
505.015916
504.654104
503.549151
502.689791
502.319081
500.478077
499.615803
498.752131
498.129467
496.537137
496.634965
494.081455
493.214172
491.389054
490.760139
488.226080
487.597085
485.546411
484.916048
482.401431
481.536469
479.500675
478.636330
476.375048
475.743941
473.259764
472.167330
470.384850
469.064996
466.831538
465.288787
463.748629
462.211066
460.449945
458.918216
457.164213
455.189858
454.562212
451.479571
450.853930
448.674048
447.826830
445.655975
445.029913
442.210048
441.585387
439.433208
438.808058
436.447661
436.038638
433.687885
433.062438
431.578260
430.310145
428.617752
427.777998
426.513972
425.462253
424.410655
422.520432
421.889714
421.256634
419.789935
418.325870
417.897307
416.641362
416.413479
413.928965
413.698319
411.835094
410.788423
409.337450
408.695632
407.046491
406.603612
404.558993
404.114065
402.474332
401.828211
400.785197
399.939133
398.503738
397.853036
396.030760
395.573617
394.144669
392.718401
391.487285
390.065775
388.073159
386.849485
385.437231
384.027661
382.620776
381.028321
380.565684
377.855062
377.206551
374.697330
374.050609
371.924450
371.094263
368.611873
368.151050
365.864044
364.857562
362.764738
361.581926
359.860830
358.503461
356.791271
355.618615
354.092314
352.038893
350.522063
349.360734
347.675202
345.994686
344.493258
342.995676
341.156112
339.839708
338.182476
336.701414
335.735979
333.410749
332.450671
330.308881
329.353579
327.560051
327.109825
324.990788
324.208184
322.101355
321.321820
319.391474
318.778172
317.184043
316.245232
314.658722
313.238612
312.305003
310.570139
309.320646
308.233040
307.146986
306.062489
304.979550
303.584228
302.661943
301.740109
300.974032
299.278828
299.131551
297.596464
297.137870
295.151113
294.844357
293.473663
293.012050
291.946307
291.481303
290.267335
289.502140
287.847496
287.674835
286.614915
285.556615
284.499937
284.026607
282.391457
281.917062
280.720929
279.670784
278.907752
278.002016
276.955190
276.192274
275.710068
274.524935
274.179719
272.718850
272.093654
270.639307
270.151690
268.840221
268.487041
266.907802
266.281592
264.845236
264.622033
263.190635
262.696559
261.403862
260.775811
259.093126
258.728683
257.577071
256.688409
255.541263
254.396867
253.640890
252.500454
251.617833
250.481879
249.854714
248.722228
247.843480
246.840474
246.212638
244.591756
243.965392
242.599990
241.974103
240.615229
239.989839
238.516541
237.892168
236.666799
235.803553
234.822123
234.079386
233.100510
232.240882
231.031112
230.291037
229.086805
228.117328
226.919614
226.069216
224.763492
224.030225
222.957621
221.775209
220.820717
220.091240
219.028257
218.189331
217.571575
216.184970
215.459234
214.081045
213.574480
212.095969
211.697004
210.333710
209.826824
208.365093
207.753149
206.510603
206.003960
204.871425
204.363767
203.235847
202.214231
201.093260
200.280988
199.267232
198.356991
197.548878
196.542061
195.538019
194.734552
193.833586
192.934480
191.939708
190.947711
190.151733
188.972040
188.179798
186.912194
186.218960
185.148333
184.363131
183.018079
182.609625
181.272789
180.771505
179.626704
179.033947
178.077189
177.213572
175.992127
175.223539
174.277860
173.423565
172.482984
171.632916
170.697434
169.764717
168.834766
168.165632
167.325506
166.146649
165.735711
164.479360
163.816337
162.485891
161.992752
160.754672
160.180214
159.114556
158.785441
157.805808
157.232314
156.177697
155.685232
154.953597
154.538454
153.885820
153.467546
152.736670
152.392931
151.969452
151.543858
151.116168
150.988678
150.555225
150.493534
150.202714
150.278061
150.051591
150.259688
150.385907
150.142055
150.469617
150.142516
150.666029
150.468932
150.829963
150.829863
151.588147
151.361740
151.956391
151.921074
152.355036
152.708933
152.916703
153.114490
153.368852
153.414188
153.648456
153.545353
153.695502
153.512920
153.517175
153.513349
153.311038
153.102979
152.889207
152.545028
152.320680
152.152350
151.181377
151.066138
150.096605
149.611629
148.765362
148.218095
147.078385
146.589925
145.282161
144.445919
143.265777
142.263616
141.037806
139.988530
138.662929
137.457268
136.091902
134.569970
133.333009
131.885674
130.502644
128.967812
127.551325
126.144939
124.643169
123.152805
121.673806
120.309536
119.057922
117.406659
116.174804
114.498272
113.286371
111.685432
110.493006
108.916798
107.841079
106.288767
105.278295
103.892486
102.755024
101.437546
100.224262
99.066793
97.964138
96.915304
95.919302
94.839795
93.902674
92.838157
91.869908
90.908304
90.083946
89.134633
88.277738
87.639193
86.579903
85.990860
85.028285
84.486562
83.617266
83.039182
82.300843
81.847644
81.075361
80.663727
79.976478
79.487454
78.921525
78.433968
77.908785
77.422438
76.861578
76.451177
75.929374
75.481903
74.889031
74.514706
74.031914
73.620634
73.138392
72.621813
72.244918
71.695176
71.419757
70.736069
70.391539
69.713007
69.368127
68.760155
68.284737
67.617091
67.176564
66.420066
66.013909
65.358771
64.861618
64.212987
63.719688
62.987484
62.498833
61.804956
61.232964
60.605842
59.982583
59.306235
58.775836
58.107934
57.472581
56.841550
56.214827
55.565440
55.000971
54.413320
53.672120
53.197369
52.441366
51.921901
51.203211
50.716192
50.058058
49.503648
48.904332
48.429926
47.767184
47.275567
46.739947
46.207963
45.633811
45.154866
44.588854
44.116204
43.602264
43.135432
42.671280
42.124532
41.729907
41.294875
40.800100
40.390625
39.962723
39.557062
39.212588
38.692413
38.331552
37.856712
37.499062
37.048699
36.731134
36.303791
35.933468
35.546659
35.179409
34.726044
34.414629
34.035026
33.640372
33.281413
32.940452
32.502638
32.148912
31.732931
31.382974
30.987856
30.656858
30.281467
29.923345
29.567129
29.212824
28.845996
28.467197
28.147340
27.731432
27.415246
26.978449
26.679661
26.249909
25.954637
25.570405
25.265481
24.861869
24.573157
24.212451
23.914642
23.523557
23.218006
22.856628
22.532505
22.177171
21.847101
21.508790
21.216151
20.872513
20.542473
20.235778
19.941432
19.629237
19.290344
18.993386
18.679784
18.424945
18.024522
17.774241
17.427418
17.172225
16.849711
16.606944
16.265589
16.026801
15.716862
15.465850
15.169982
14.915603
14.640733
14.383387
14.106604
13.847072
13.583083
13.315015
13.056687
12.801116
12.554770
12.310924
12.069573
11.830715
11.606332
11.360468
11.146344
10.888873
10.679249
10.449760
10.233575
10.004062
9.818110
9.583586
9.396180
9.176852
8.992989
8.774137
8.589497
8.380417
8.199670
8.008137
7.818858
7.623930
7.447065
7.257027
7.080625
6.906293
6.727063
6.557061
6.395752
6.223298
6.059545
5.897883
5.741280
5.586609
5.417082
5.269501
5.107872
4.964350
4.807725
4.668277
4.521312
4.383546
4.236819
4.107612
3.963736
3.840492
3.703553
3.578512
3.451924
3.329328
3.203923
3.090587
2.971392
2.857536
2.744431
2.633607
2.523763
2.417556
2.316011
2.211982
2.116967
2.019682
1.929628
1.831970
1.744229
1.652554
1.571578
1.484747
1.405589
1.325074
1.249573
1.173799
1.103293
1.031684
0.965052
0.900577
0.837408
0.775341
0.717589
0.661337
0.607068
0.554862
0.505830
0.458100
0.413439
0.370876
0.330645
0.292891
0.257425
0.224017
0.193059
0.164924
0.138084
0.114238
0.092437
0.073226
0.055890
0.041168
0.028516
0.018297
0.010276
0.004570
0.001141
0.000000
